=== SHEET: Branch ===
 |  |  |  | 
1 |  |  |  | 
2 |  |  |  | 

=== SHEET: User ===
 |  |  |  |  | 
1 |  |  |  |  | 
2 | 1 |  |  |  | 
3 | 1 |  |  |  | 
4 | 1 |  |  |  | 
5 | 2 |  |  |  | 
6 | 2 |  |  |  | 
7 | 2 |  |  |  | 
8 |  |  |  |  | 
9 |  |  |  |  | 
10 |  |  |  |  | 


=== SHEET: Category ===
 | 
1 | 
2 | 
3 | 
4 | 

=== SHEET: Animal ===
 |  |  |  |  |  |  |  |  |  |  |  | 
1 | 1 | 1 |  |  |  | 2 |  |  |  |  |  | 
2 | 2 | 1 |  |  |  | 1 |  |  |  |  |  | 
3 | 1 | 1 |  |  |  | 3 |  |  |  |  |  | 
4 | 4 | 2 |  |  |  | 1 |  |  |  |  |  | 
5 | 2 | 2 |  |  |  | 2 |  |  |  |  |  | 
6 | 1 | 2 |  |  |  | 4 |  |  |  |  |  | 
7 | 3 | 1 |  |  |  | 1 |  |  |  |  |  | 


=== SHEET: MedicalRecord ===
 |  |  |  |  |  |  | 
1 | 1 | 4 |  |  |  |  | 
2 | 2 | 4 |  |  |  |  | 
3 | 3 | 4 |  |  |  |  | 
4 | 5 | 7 |  |  |  |  | 
5 | 6 | 7 |  |  |  |  | 

=== SHEET: BehaviorRecord ===
 |  |  |  |  |  | 
1 | 1 | 3 |  | 1 | 1 | 
2 | 2 | 3 |  | 1 | 0 | 
3 | 3 | 3 |  | 0 | 1 | 
4 | 5 | 6 |  | 1 | 1 | 
5 | 6 | 6 |  | 1 | 1 | 

=== SHEET: VisitSlot ===
 |  |  |  |  |  | 
1 | 1 |  |  |  | 3 | 2
2 | 1 |  |  |  | 3 | 1
3 | 1 |  |  |  | 3 | 0
4 | 2 |  |  |  | 2 | 2
5 | 2 |  |  |  | 2 | 0

=== SHEET: VisitBooking ===
 |  |  |  |  |  | 
1 | 1 | 1 | 8 |  |  | 
2 | 1 | 3 | 9 |  |  | 
3 | 2 | 2 | 10 |  |  | 
4 | 4 | 5 | 9 |  |  | 
5 | 4 | 6 | 10 |  |  | 


=== SHEET: AdoptionApplication ===
 |  |  |  |  | 
1 | 1 | 8 | 1 |  | 
2 | 5 | 9 | 4 |  | 
3 | 2 | 10 | 3 |  | 

=== SHEET: Adoption ===
 |  |  |  |  | 
1 | 1 | 1 | 8 | 2 | 
2 | 2 | 5 | 9 | 5 | 

=== SHEET: FollowUp ===
 |  |  |  |  | 
1 | 1 | 3 |  |  | 
2 | 2 | 6 |  |  | 
3 | 1 | 3 |  |  | 

=== SHEET: Payment ===
 |  |  |  |  |  |  |  |  |  | 
1 |  | 1 |  | 8 | 1500 |  |  |  |  | 
2 |  | 2 |  | 9 | 1800 |  |  |  |  | 
3 |  |  | 3 | 10 | 500 |  |  |  |  | 
4 |  |  |  |  | 1000 |  |  |  |  | 


=== SHEET: AIGeneratedDescription ===
 |  |  |  |  | 
1 | 3 |  |  | 1 | 3
2 | 6 |  |  | 1 | 6
3 | 4 |  |  | 0 | 


=== SHEET: ChatbotConversation ===
 |  |  | 
1 | 8 |  | 
2 |  |  | 
3 | 9 |  | 


=== SHEET: ChatbotMessage ===
 |  |  |  | 
1 | 1 |  |  | 
2 | 1 |  |  | 
3 | 2 |  |  | 
4 | 2 |  |  | 
5 | 3 |  |  | 
6 | 3 |  |  | 
